0.315875
0.368
0.359187
0.326375
0.363375
0.310375
0.383625
0.3685
0.342625
0.358312
0.369188
0.374875
0.375
0.367125
0.339375
0.412625
0.306125
0.359375
0.379188
0.368688
0.287813
0.38325
0.320688
0.364875
0.309812
0.364438
0.373312
0.385188
0.379812
0.352687
0.361187
0.351187
0.388125
0.433937
0.390562
0.335938
0.357312
0.34675
0.417563
0.340625
0.3815
0.379
0.346125
0.345687
0.344187
0.414625
0.370812
0.346375
0.385062
0.346375
0.38875
0.381375
0.348125
0.321313
0.333
0.41425
0.385937
0.384313
0.3395
0.371937
0.366875
0.34925
0.397
0.410438
0.404313
0.374375
0.344813
0.340938
0.312937
0.303063
0.381125
0.307063
0.386688
0.360125
0.3425
0.303312
0.377812
0.401062
0.441375
0.442812
0.39875
0.431125
0.401125
0.401438
0.459625
0.4095
0.3885
0.344
0.38325
0.34575
0.310875
0.379875
0.393125
0.33025
0.3965
0.3825
0.389188
0.35975
0.359187
0.337125
0.354125
0.40625
0.383813
0.37975
0.4125
0.371312
0.341813
0.364125
0.382563
0.327625
0.364375
0.352375
0.340813
0.338313
0.436625
0.451
0.39075
0.35025
0.365938
0.314312
0.370437
0.367688
0.361563
0.33325
0.3425
0.313
0.320937
0.397188
0.36975
0.398438
0.364438
0.395188
0.372063
0.373563
0.390625
0.36275
0.357938
0.299125
0.368125
0.366125
0.343687
0.412125
0.427375
0.405875
0.372437
0.348938
0.394562
0.388813
0.324813
0.37275
0.422375
0.360063
0.34375
0.366063
0.367188
0.39325
0.362312
0.367625
0.39075
0.345625
0.307812
0.356
0.3685
0.362812
0.364625
0.363563
0.363187
0.3475
0.313937
0.388
0.429187
0.42575
0.315437
0.39225
0.385625
0.348687
0.374375
0.393125
0.417312
0.390313
0.342375
0.3715
0.289625
0.388437
0.346
0.379875
0.418938
0.441812
0.406938
0.359375
0.401187
0.361187
0.391813
0.383125
0.340438
0.396375
0.437312
0.408125
0.403187
0.349875
0.324
0.330125
0.398
0.362
0.328437
0.36875
0.409375
0.340313
0.3705
0.40975
0.399375
0.417875
0.313125
0.354375
0.35425
0.376188
0.386
0.326375
0.366625
0.380188
0.371937
0.363875
0.383625
0.37675
0.368937
0.398375
0.371563
0.342062
0.392375
0.449125
0.402
0.36625
0.3325
0.37375
0.359625
0.3885
0.375188
0.374125
0.390125
0.357312
0.350938
0.364063
0.395313
0.427063
0.360938
0.3455
0.390125
0.393625
0.331375
0.372937
0.323562
0.377
0.409625
0.41325
0.38775
0.380188
0.389313
0.320125
0.446562
0.375063
0.377375
0.359625
0.385
0.43875
0.41125
0.363875
0.356875
0.378563
0.371937
0.373375
0.373937
0.39675
0.397
0.393875
0.397875
0.379063
0.302938
0.372375
0.426063
0.400375
0.345187
0.337375
0.391875
0.421438
0.399938
0.410562
0.404625
0.412875
0.345375
0.3765
0.360187
0.335125
0.378375
0.436
0.412625
0.42325
0.364625
0.329875
0.357687
0.342313
0.326
0.465062
0.42125
0.40725
0.367312
0.361125
0.307375
0.378312
0.39325
0.348438
0.411562
0.348625
0.410438
0.372437
0.411375
0.35225
0.41375
0.388437
0.388062
0.389125
0.320312
0.324875
0.372812
0.354375
0.366
0.353375
0.3865
0.384188
0.38925
0.358875
0.386
0.394188
0.388313
0.395375
0.390813
0.375688
0.364438
0.376437
0.366875
0.3585
0.360563
0.38725
0.420625
0.379063
0.375188
0.401687
0.352063
0.33225
0.330813
0.313563
0.321562
0.352125
0.365375
0.254625
0.386437
0.352938
0.341313
0.320437
0.36475
0.3475
0.337438
0.355063
0.327875
0.377875
0.362
0.347062
0.355687
0.345813
0.36225
0.313437
0.352187
0.354563
0.355875
0.363
0.355063
0.341062
0.331688
0.338
0.411313
0.360875
0.378563
0.342
0.3735
0.385875
0.350625
0.403813
0.431688
0.359312
0.297375
0.32025
0.344125
0.369188
0.3785
0.3575
0.387688
0.3845
0.37525
0.41
0.3765
0.363563
