0.191195
0.199703
0.205953
0.217625
0.210492
0.219234
0.206211
0.194523
0.212969
0.19832
0.204227
0.207
0.218625
0.209109
0.207063
0.216711
0.213508
0.202383
0.205117
0.190883
0.212258
0.205656
0.195555
0.200469
0.205008
0.207859
0.211188
0.227078
0.223008
0.216453
0.210547
0.209641
0.202594
0.205148
0.228102
0.210609
0.204617
0.199945
0.197813
0.219047
0.219258
0.207406
0.211031
0.199344
0.201648
0.203406
0.204234
0.192758
0.197313
0.195094
0.190992
0.216625
0.227211
0.209102
0.203922
0.219117
0.223547
0.220336
0.220047
0.217109
0.204813
0.214508
0.200086
0.206016
0.196008
0.202031
0.208859
0.216086
0.208953
0.217078
0.225227
0.207875
0.212031
0.211867
0.221844
0.231797
0.224586
0.218562
0.223219
0.201586
0.201945
0.220797
0.218625
0.230219
0.212656
0.212242
0.20257
0.222148
0.224219
0.211062
0.198328
0.20575
0.196906
0.200695
0.212906
0.220133
0.228867
0.221195
0.227656
0.221898
0.216391
0.208281
0.211203
0.199313
0.190867
0.208219
0.214352
0.22407
0.211602
0.203305
0.21968
0.218055
0.224094
0.219617
0.22443
0.216609
0.224219
0.222797
0.224805
0.230484
0.226398
0.230969
0.223484
0.219734
0.222406
0.207023
0.195383
0.221539
0.214438
0.199641
0.200031
0.203539
0.218047
0.203703
0.20868
0.199055
0.203086
0.203984
0.200734
0.2
0.21782
0.22382
0.210398
0.216578
0.199422
0.215867
0.208687
0.217438
0.219984
0.213477
0.209281
0.212922
0.217555
0.210437
0.197289
0.211547
0.226703
0.220547
0.224828
0.226734
0.228422
0.223438
0.225547
0.215078
0.200719
0.197141
0.20025
0.20118
0.20907
0.20525
0.20143
0.215211
0.199797
0.193289
0.196406
0.195922
0.217094
0.218875
0.195484
0.200758
0.196859
0.203305
0.211945
0.217742
0.203922
0.205937
0.199664
0.218898
0.22075
0.218273
0.215977
0.212125
0.226555
0.221945
0.227
0.226555
0.220266
0.230344
0.209914
0.211594
0.211719
0.210437
0.198969
0.21093
0.216125
0.223109
0.224586
0.217312
0.228898
0.214477
0.223312
0.21943
0.21418
0.200289
0.213938
0.208109
0.22043
0.222
0.211703
0.216688
0.215945
0.21407
0.212398
0.205258
0.21718
0.20343
0.193859
0.199984
0.199922
0.198648
0.197117
0.206586
0.210375
0.223492
0.225844
0.218969
0.203211
0.20907
0.219602
0.195633
0.221656
0.20618
0.215609
0.204164
0.213758
0.201086
0.193539
0.197187
0.21225
0.210141
0.217078
0.218258
0.218445
0.211891
0.210773
0.215031
0.223484
0.225016
0.226266
0.214953
0.210102
0.207328
0.21707
0.207703
0.203633
0.198766
0.199953
0.207516
0.217469
0.220805
0.215578
0.202391
0.224766
0.220469
0.218227
0.223734
0.22107
0.202367
0.195375
0.199758
0.203086
0.203148
0.212273
0.219695
0.205758
0.197578
0.202156
0.20332
0.195656
0.193
0.199078
0.197563
0.189109
0.203313
0.207375
0.199063
0.213422
0.196687
0.20025
0.210164
0.211719
0.201039
0.207727
0.191391
0.214398
0.22143
0.213602
0.21782
0.225781
0.220812
0.221031
0.219117
0.20375
0.224273
0.230305
0.221906
0.224078
0.221727
0.22182
0.229063
0.231047
0.213273
0.197187
0.197469
0.221086
0.216516
0.218945
0.227516
0.23093
0.228906
0.225469
0.227102
0.214531
0.212711
0.221469
0.217992
0.224883
0.227398
0.224445
0.207477
0.193656
0.199945
0.211297
0.204594
0.216406
0.199359
0.201234
0.203094
0.222664
0.222953
0.214117
0.206516
0.219031
0.224969
0.222391
0.215023
0.216641
0.216398
0.210008
0.20068
0.218555
0.220125
0.192984
0.221414
0.219641
0.203609
0.200273
0.221242
0.205508
0.212555
0.210516
0.215281
0.198305
0.201484
0.205758
0.198484
0.210313
0.219102
0.213
0.215289
0.204219
0.220414
0.223898
0.222469
0.219156
0.215539
0.195602
0.213445
0.208867
0.197242
0.20007
0.204594
0.189773
0.193039
0.188875
0.203664
0.222445
0.212648
0.205
0.199375
