-0.008125
-0.045625
-0.0475
-0.050625
-0.04125
-0.0625
-0.02125
-0.02125
-0.1125
-0.0675
-0.081875
-0.004375
-0.0625
-0.0125
-0.041875
-0.05125
-0.138125
0.031875
-0.0825
-0.024375
-0.11125
-0.04
0.00375
-0.125625
-0.02625
-0.146875
-0.125625
-0.084375
-0.071875
-0.10125
-0.07625
-0.05125
0.056875
-0.05875
-0.035
-0.03375
-0.09125
-0.06125
-0.055625
-0.0475
-0.0175
-0.06625
-0.0725
-0.023125
-0.018125
-0.045625
-0.07875
0.00625
-0.13875
0.00625
-0.028125
-0.111875
-0.061875
-0.07
-0.050625
-0.058125
-0.0025
-0.10375
-0.0125
-0.004375
-0.043125
-0.095625
-0.11625
-0.065
-0.055
-0.0975
-0.09625
-0.081875
-0.02625
-0.021875
-0.035625
-0.045
-0.06875
-0.069375
-0.105
-0.02875
-0.07375
-0.089375
-0.020625
-0.081875
-0.030625
-0.109375
-0.085625
-0.041875
-0.02
-0.07
-0.02375
-0.089375
-0.045625
-0.0325
-0.01875
-0.105625
-0.054375
-0.04625
-0.060625
0.0075
-0.096875
-0.07
-0.081875
-0.10375
0.018125
-0.05375
-0.03875
-0.0525
-0.0225
-0.011875
-0.068125
-0.095
-0.073125
-0.059375
-0.124375
-0.010625
-0.025
-0.049375
-0.095625
-0.053125
-0.005625
-0.033125
-0.095
-0.0275
-0.08125
-0.056875
-0.03625
0.001875
-0.083125
-0.08375
-0.071875
-0.039375
-0.073125
-0.051875
-0.090625
-0.121875
-0.08125
-0.02375
-0.081875
-0.07
-0.09625
-0.058125
-0.113125
-0.06125
-0.084375
-0.016875
-0.01625
-0.07375
-0.025625
-0.048125
-0.10125
-0.03875
-0.13625
-0.068125
-0.0775
-0.049375
-0.035625
-0.17875
-0.02125
-0.10125
-0.07625
-0.0625
-0.009375
-0.066875
-0.0625
-0.12
-0.010625
-0.041875
-0.051875
0.00625
-0.090625
-0.0875
-0.016875
0.02875
-0.04375
0.031875
-0.02
-0.03125
-0.050625
-0.0025
-0.050625
-0.058125
-0.05875
-0.058125
-0.070625
-0.06875
-0.0325
-0.05375
-0.028125
-0.081875
-0.109375
-0.109375
-0.1025
-0.0225
-0.044375
-0.055
-0.12125
-0.14625
-0.0575
-0.135
-0.0575
-0.04375
-0.063125
-0.090625
0.005
-0.080625
-0.098125
-0.03125
-0.01625
-0.104375
-0.088125
-0.03
-0.0925
-0.000625
-0.09375
-0.09625
-0.13125
-0.054375
0.036875
-0.07375
-0.070625
-0.115625
-0.08875
-0.023125
-0.026875
-0.084375
-0.0975
-0.109375
-0.035625
-0.04625
-0.03625
-0.045
-0.029375
0.0725
-0.044375
-0.05625
-0.035625
-0.055625
-0.0675
-0.08
-0.010625
-0.03875
-0.09375
0.039375
-0.04875
-0.019375
0.02
-0.11375
-0.1125
-0.04875
-0.07875
-0.10125
0.02375
-0.061875
-0.058125
-0.0175
-0.01625
0.00375
-0.08125
-0.1075
-0.058125
-0.055
-0.02875
-0.04375
-0.05125
-0.0825
-0.096875
-0.08875
-0.049375
-0.058125
-0.06125
-0.09625
-0.1475
-0.011875
-0.0275
-0.049375
-0.046875
-0.021875
0.013125
-0.05125
-0.033125
-0.1025
-0.076875
-0.046875
-0.014375
-0.020625
-0.0475
-0.039375
-0.050625
-0.0125
-0.05625
-0.06875
-0.088125
-0.14125
-0.014375
0.030625
-0.1075
-0.046875
-0.06375
-0.04875
-0.01375
-0.02625
0.00375
-0.024375
-0.07625
-0.051875
-0.128125
-0.105
0.010625
-0.088125
-0.0075
-0.081875
-0.074375
-0.04125
-0.036875
-0.044375
-0.025625
-0.0725
-0.028125
-0.095625
-0.063125
-0.025625
-0.0075
0.00375
-0.08
-0.043125
-0.064375
-0.11375
-0.03625
-0.020625
-0.035
-0.104375
-0.056875
-0.083125
-0.08625
-0.096875
-0.06375
-0.025
-0.119375
-0.063125
-0.01375
0.00875
-0.005
-0.045625
0.038125
-0.036875
-0.086875
-0.078125
-0.035625
-0.015625
-0.1275
-0.050625
-0.039375
-0.070625
-0.15
-0.090625
-0.0425
-0.046875
-0.028125
-0.124375
-0.101875
-0.06875
-0.108125
-0.083125
-0.040625
-0.0525
-0.025625
-0.070625
-0.031875
-0.139375
-0.07125
-0.05125
-0.075
-0.065
-0.02625
-0.056875
-0.093125
-0.036875
-0.125
-0.03125
-0.089375
-0.060625
-0.0325
-0.010625
-0.068125
-0.086875
-0.063125
0.009375
-0.098125
-0.021875
-0.0175
-0.021875
-0.04
-0.1
-0.04875
-0.043125
-0.074375
-0.07
-0.009375
-0.0225
-0.0775
-0.024375
-0.078125
0.025
