-0.49908
-0.5025
-0.500234
-0.508368
-0.52715
-0.507581
-0.524163
-0.51937
-0.526071
-0.514537
-0.501477
-0.526231
-0.509042
-0.505866
-0.508713
-0.500405
-0.49326
-0.515954
-0.507007
-0.517242
-0.517324
-0.514105
-0.49789
-0.511918
-0.501693
-0.505893
-0.511982
-0.511238
-0.498702
-0.516282
-0.504699
-0.514383
-0.493385
-0.51388
-0.50149
-0.503809
-0.490677
-0.519238
-0.513908
-0.515769
-0.512714
-0.500214
-0.513725
-0.499452
-0.512995
-0.507915
-0.509086
-0.50626
-0.509881
-0.515586
-0.507091
-0.515037
-0.502046
-0.500827
-0.50406
-0.511
-0.507363
-0.510758
-0.50504
-0.492638
-0.501874
-0.520363
-0.499966
-0.507492
-0.501614
-0.517914
-0.498073
-0.5001
-0.491595
-0.509687
-0.510167
-0.518601
-0.515617
-0.499754
-0.505923
-0.522462
-0.519151
-0.517083
-0.505439
-0.513177
-0.492657
-0.508698
-0.511333
-0.505302
-0.506768
-0.515469
-0.487558
-0.494835
-0.523172
-0.524389
-0.485732
-0.503152
-0.516516
-0.511909
-0.506368
-0.515586
-0.511501
-0.52548
-0.523735
-0.504279
-0.508714
-0.509871
-0.526971
-0.510409
-0.493763
-0.503987
-0.506977
-0.52274
-0.513728
-0.495751
-0.512475
-0.52459
-0.499862
-0.509045
-0.503869
-0.497136
-0.518717
-0.507283
-0.51147
-0.50405
-0.505395
-0.510296
-0.516679
-0.513259
-0.517781
-0.511786
-0.519846
-0.486549
-0.503064
-0.50829
-0.515349
-0.508013
-0.512034
-0.504837
-0.507775
-0.491154
-0.512273
-0.497571
-0.500691
-0.510586
-0.515567
-0.51387
-0.513406
-0.509682
-0.521043
-0.505563
-0.490417
-0.52414
-0.511837
-0.506638
-0.499252
-0.503356
-0.498233
-0.515758
-0.514631
-0.524365
-0.514655
-0.52303
-0.518392
-0.497523
-0.504111
-0.520346
-0.50988
-0.504395
-0.495677
-0.501192
-0.496012
-0.500055
-0.501394
-0.518014
-0.501209
-0.516009
-0.500018
-0.510043
-0.50461
-0.516276
-0.512799
-0.503455
-0.498837
-0.510221
-0.504801
-0.505353
-0.508138
-0.511244
-0.508379
-0.51658
-0.508393
-0.509739
-0.523023
-0.500106
-0.5048
-0.520129
-0.523018
-0.507441
-0.513913
-0.517206
-0.508463
-0.508596
-0.500788
-0.512647
-0.500001
-0.504787
-0.505568
-0.516354
-0.508263
-0.508548
-0.512947
-0.508694
-0.509175
-0.507147
-0.497364
-0.501031
-0.511235
-0.505117
-0.502231
-0.514448
-0.526017
-0.493009
-0.508939
-0.502099
-0.501395
-0.501134
-0.527091
-0.500677
-0.511628
-0.511161
-0.503266
-0.513529
-0.51666
-0.50208
-0.507398
-0.509975
-0.514485
-0.494146
-0.502076
-0.514345
-0.511962
-0.50358
-0.511038
-0.508576
-0.507283
-0.50852
-0.506072
-0.504138
-0.501877
-0.510552
-0.517968
-0.499636
-0.498116
-0.50645
-0.516969
-0.525315
-0.500253
-0.504057
-0.511844
-0.505785
-0.501737
-0.503403
-0.504135
-0.513727
-0.505816
-0.510463
-0.502183
-0.500363
-0.503702
-0.517862
-0.488374
-0.497897
-0.497955
-0.520275
-0.515175
-0.506617
-0.508617
-0.508274
-0.500272
-0.51323
-0.508207
-0.509687
-0.509581
-0.518526
-0.507621
-0.505295
-0.519383
-0.512888
-0.518992
-0.51587
-0.496682
-0.507012
-0.499159
-0.523788
-0.503433
-0.506046
-0.512785
-0.500755
-0.505905
-0.502281
-0.511171
-0.51792
-0.513935
-0.518339
-0.507459
-0.503453
-0.505896
-0.502538
-0.503628
-0.505171
-0.519577
-0.505285
-0.507353
-0.507349
-0.510365
-0.511574
-0.517155
-0.526886
-0.525013
-0.515745
-0.515405
-0.506674
-0.511899
-0.51522
-0.511511
-0.496458
-0.502446
-0.523826
-0.502114
-0.508976
-0.515422
-0.511383
-0.505515
-0.511574
-0.508153
-0.518607
-0.509
-0.514816
-0.522639
-0.502147
-0.510837
-0.52144
-0.512499
-0.50285
-0.496375
-0.505987
-0.499326
-0.519659
-0.503566
-0.494528
-0.503596
-0.506775
-0.511394
-0.506365
-0.508816
-0.520674
-0.521784
-0.513182
-0.502133
-0.515049
-0.515075
-0.505402
-0.501054
-0.495629
-0.493357
-0.498054
-0.499383
-0.503433
-0.507003
-0.495826
-0.50265
-0.496216
-0.5207
-0.513883
-0.50399
-0.517972
-0.50838
-0.508971
-0.501298
-0.510353
-0.506869
-0.505481
-0.503252
-0.50221
-0.513517
-0.504446
-0.520761
-0.501094
-0.497219
-0.512109
-0.510247
-0.501309
-0.49659
-0.496085
-0.499267
-0.493556
-0.501636
-0.511113
-0.514522
-0.50299
-0.507346
-0.500571
-0.501306
-0.511577
