0.0581484
0.0532969
0.0344219
0.0350312
0.0329766
0.0246094
0.0383828
0.0479766
0.0778906
0.0606016
0.0396484
0.0605625
0.117516
0.0725469
0.0540625
0.104477
0.122461
0.0463203
0.0656484
0.0502734
0.0588359
0.0697969
0.0513984
0.0810938
0.0989922
0.0839063
0.136641
0.217469
0.213664
0.202109
0.0557344
0.0378281
0.0523281
0.141852
0.223602
0.176484
0.0287266
0.0417109
0.0517344
0.112937
0.10918
0.0925781
0.0757812
0.0529531
0.0692266
0.0513594
0.0806406
0.0837109
0.052875
0.0410469
0.0618203
0.191047
0.220539
0.103445
0.054
0.0276328
0.0242188
0.0240859
0.0281719
0.0336406
0.0507656
0.109148
0.0456172
0.0636094
0.0681172
0.0427031
0.0374063
0.0269141
0.0805625
0.0693125
0.119273
0.0982187
0.188891
0.186039
0.209641
0.228656
0.213367
0.157656
0.106344
0.0738984
0.116961
0.19375
0.130172
0.118484
0.104266
0.117242
0.139836
0.206883
0.217688
0.171672
0.0569687
0.03575
0.0477812
0.128664
0.175687
0.209805
0.224727
0.203336
0.223281
0.211586
0.106266
0.034875
0.0393906
0.0886875
0.103695
0.0953281
0.101742
0.112477
0.103977
0.0349922
0.0841641
0.114508
0.0977031
0.119555
0.114242
0.119469
0.217406
0.21
0.218805
0.216844
0.213961
0.225609
0.214281
0.188859
0.103
0.0900859
0.0471016
0.0274766
0.0244531
0.0364219
0.0811719
0.14393
0.171203
0.118203
0.0991797
0.0468828
0.0508516
0.0529063
0.0349844
0.109609
0.184461
0.206055
0.148945
0.131031
0.0668437
0.0330234
0.0441719
0.0918281
0.118516
0.107102
0.0674687
0.0342812
0.0260547
0.0521875
0.0510703
0.156156
0.221797
0.192922
0.209172
0.216891
0.222391
0.21675
0.216359
0.162438
0.0653438
0.0715781
0.0529063
0.0435547
0.0367734
0.0425469
0.0860391
0.114992
0.0816875
0.0506016
0.0570312
0.0989219
0.145516
0.0852031
0.0552344
0.0640234
0.0496719
0.0816953
0.188898
0.201023
0.0809531
0.0939688
0.0459609
0.109898
0.0973281
0.0976328
0.117977
0.185531
0.221008
0.207695
0.221516
0.218867
0.191719
0.226703
0.117414
0.0385625
0.0935625
0.078625
0.0623281
0.143773
0.191391
0.215188
0.219852
0.127578
0.12032
0.105992
0.113984
0.110539
0.0841641
0.0489141
0.0466875
0.0828906
0.102945
0.114437
0.0378906
0.0325
0.0214453
0.0358359
0.0439297
0.0655859
0.0552266
0.0274922
0.036
0.077375
0.0787656
0.0399766
0.0553516
0.0377891
0.101641
0.158445
0.220438
0.191828
0.150539
0.11082
0.113977
0.0903359
0.199516
0.0727109
0.0487656
0.0405859
0.0504609
0.0668359
0.0589609
0.0514063
0.0891094
0.106266
0.0338437
0.0250859
0.0222891
0.0343125
0.0323984
0.0495625
0.0223437
0.0222812
0.0207344
0.0346406
0.0353984
0.134328
0.115867
0.0694844
0.0544297
0.058375
0.050125
0.0446875
0.0503437
0.0266484
0.0485156
0.0930156
0.220156
0.209313
0.203039
0.214469
0.200852
0.126023
0.045625
0.0679453
0.0857422
0.0750547
0.0517109
0.110523
0.126102
0.0768438
0.0595938
0.0853203
0.0562656
0.0438906
0.0602813
0.0375938
0.0462656
0.0692969
0.0319062
0.03825
0.160297
0.0525938
0.0495625
0.0377422
0.0337344
0.0786797
0.0397891
0.066375
0.110227
0.11482
0.121211
0.0955078
0.114641
0.0914062
0.0977187
0.0958047
0.155594
0.211492
0.22057
0.209531
0.212188
0.213148
0.212617
0.222469
0.223125
0.159477
0.0747812
0.0597969
0.137758
0.167281
0.20557
0.218812
0.22857
0.225938
0.222203
0.219727
0.180297
0.183633
0.210563
0.192773
0.220648
0.224867
0.208398
0.126227
0.0547344
0.0383516
0.0240313
0.0891406
0.198016
0.114875
0.0544531
0.0582031
0.0420859
0.0208906
0.0561797
0.09425
0.199469
0.216516
0.210672
0.160227
0.102109
0.128523
0.10893
0.0354766
0.0278359
0.0324844
0.0553906
0.200633
0.197531
0.101156
0.0534297
0.106242
0.0600547
0.0838828
0.106531
0.0372969
0.0410859
0.0818125
0.0788516
0.057125
0.0250313
0.0676484
0.0993437
0.16557
0.118656
0.0966641
0.107992
0.109437
0.134437
0.168758
0.0730391
0.0402109
0.0340703
0.0482734
0.0653359
0.0398437
0.0454922
0.0500703
0.0436563
0.0612734
0.0213359
0.0350078
0.0326094
0.0440156
