0.102313
0.106063
0.103125
0.0998125
0.105
0.099625
0.101
0.101688
0.101437
0.10225
0.104438
0.102
0.104063
0.104063
0.102063
0.108563
0.106063
0.0998125
0.098375
0.106563
0.101875
0.104313
0.0978125
0.098625
0.106438
0.105438
0.103438
0.0996875
0.108
0.0988125
0.1015
0.100562
0.100312
0.0989375
0.108438
0.103375
0.0996875
0.099875
0.095375
0.103813
0.107313
0.0998125
0.101813
0.105
0.099875
0.103375
0.098
0.0953125
0.101125
0.10025
0.0978125
0.103438
0.107625
0.108438
0.102563
0.104563
0.09875
0.107
0.0993125
0.103625
0.1035
0.106938
0.105938
0.105
0.105188
0.104188
0.099375
0.103813
0.104188
0.100125
0.102938
0.104938
0.0971875
0.105875
0.103813
0.10525
0.105875
0.100687
0.103688
0.10675
0.105125
0.100937
0.0958125
0.1025
0.103438
0.102188
0.106125
0.107813
0.104688
0.0991875
0.106375
0.100062
0.102625
0.104938
0.100875
0.103188
0.1015
0.100812
0.100625
0.100312
0.0993125
0.104
0.106188
0.10475
0.10225
0.103625
0.106813
0.102188
0.105938
0.098375
0.102563
0.105313
0.101
0.108313
0.103625
0.10525
0.107
0.0990625
0.109
0.102375
0.10525
0.1015
0.101688
0.1035
0.105563
0.104313
0.0999375
0.106125
0.102375
0.0980625
0.108063
0.101875
0.102625
0.101187
0.10675
0.103063
0.104813
0.106375
0.102938
0.103
0.099875
0.0999375
0.101125
0.101875
0.102625
0.1015
0.105938
0.103313
0.101813
0.102688
0.1035
0.1055
0.103813
0.101187
0.102625
0.104125
0.10375
0.107
0.103625
0.09975
0.10225
0.102563
0.102
0.103375
0.101562
0.10025
0.0995625
0.102688
0.102938
0.100437
0.101875
0.104188
0.099
0.103688
0.109063
0.102563
0.106375
0.102188
0.1055
0.100437
0.102938
0.105813
0.103625
0.100187
0.10475
0.106625
0.105875
0.103313
0.107875
0.098625
0.106688
0.103875
0.100125
0.1025
0.101813
0.105563
0.104063
0.101375
0.103188
0.102813
0.101062
0.103188
0.106688
0.102688
0.102938
0.105563
0.103625
0.100937
0.10475
0.102313
0.105188
0.104813
0.106688
0.0994375
0.10475
0.100312
0.0991875
0.10175
0.102125
0.097875
0.105125
0.103125
0.103938
0.104625
0.102125
0.10025
0.102875
0.0976875
0.102875
0.104438
0.102813
0.103875
0.10175
0.10475
0.102438
0.100187
0.108313
0.10775
0.101875
0.104813
0.106
0.104
0.1035
0.0993125
0.103313
0.106875
0.107
0.106813
0.102063
0.0993125
0.100062
0.10525
0.108563
0.100437
0.102688
0.105438
0.099625
0.1065
0.10125
0.101062
0.100375
0.106813
0.10575
0.0989375
0.104188
0.105125
0.102063
0.0976875
0.105813
0.104125
0.101125
0.098875
0.0965
0.102
0.10325
0.101062
0.09875
0.101688
0.107
0.101437
0.10225
0.105125
0.100875
0.102688
0.101875
0.104875
0.109063
0.102
0.102563
0.105125
0.0964375
0.103563
0.103313
0.100687
0.1055
0.1005
0.10575
0.106375
0.107625
0.101
0.102563
0.103188
0.103938
0.102313
0.0984375
0.1
0.10025
0.101562
0.10025
0.103625
0.102125
0.103125
0.0990625
0.0998125
0.103688
0.10375
0.103
0.100062
0.0993125
0.102
0.097125
0.101312
0.100625
0.0985
0.0984375
0.105563
0.106
0.102375
0.10125
0.101437
0.101688
0.099375
0.0974375
0.0993125
0.104313
0.1015
0.101938
0.101
0.103563
0.101062
0.104125
0.104688
0.107625
0.104688
0.102125
0.102125
0.102625
0.09575
0.104938
0.10275
0.0979375
0.103438
0.102063
0.101375
0.100375
0.0994375
0.101375
0.106438
0.109375
0.0965
0.101
0.1
0.105813
0.10375
0.099625
0.106563
0.100312
0.102938
0.104125
0.107563
0.1015
0.1035
0.104875
0.109125
0.102
0.100812
0.100812
0.102125
0.105438
0.102125
0.101187
0.104
0.1105
0.104375
0.100437
0.104688
0.102125
0.105375
0.104938
0.102688
0.10575
0.10075
0.103813
0.104375
0.098375
0.106438
0.100187
0.104813
0.102313
0.0994375
