(0.0555156,0)
(0.0642031,0)
(0.0835937,0)
(0.102734,0)
(0.0823984,0)
(0.104523,0)
(0.0730156,0)
(0.0648047,0)
(0.120156,0)
(0.0653828,0)
(0.0759297,0)
(0.0761953,0)
(0.138594,0)
(0.100977,0)
(0.0595625,0)
(0.137344,0)
(0.115891,0)
(0.0736875,0)
(0.0915781,0)
(0.0517656,0)
(0.0986484,0)
(0.0766094,0)
(0.0651484,0)
(0.0784141,0)
(0.102273,0)
(0.106563,0)
(0.132211,0)
(0.174742,0)
(0.175461,0)
(0.177391,0)
(0.0961641,0)
(0.0858984,0)
(0.0707656,0)
(0.126812,0)
(0.197992,0)
(0.139625,0)
(0.033,0)
(0.0515156,0)
(0.0761016,0)
(0.140703,0)
(0.13925,0)
(0.11025,0)
(0.107711,0)
(0.0592266,0)
(0.0803672,0)
(0.0834141,0)
(0.0504922,0)
(0.0727266,0)
(0.0505156,0)
(0.0646484,0)
(0.0635625,0)
(0.14757,0)
(0.180891,0)
(0.107156,0)
(0.0663906,0)
(0.101055,0)
(0.104727,0)
(0.107938,0)
(0.103656,0)
(0.0910391,0)
(0.0939531,0)
(0.131734,0)
(0.0460078,0)
(0.0712422,0)
(0.0486328,0)
(0.0800938,0)
(0.0899688,0)
(0.0974297,0)
(0.11075,0)
(0.11707,0)
(0.141875,0)
(0.122586,0)
(0.154219,0)
(0.149305,0)
(0.186195,0)
(0.194039,0)
(0.179789,0)
(0.137609,0)
(0.141797,0)
(0.0714141,0)
(0.0842031,0)
(0.159781,0)
(0.149898,0)
(0.15268,0)
(0.115594,0)
(0.126508,0)
(0.11475,0)
(0.172344,0)
(0.189812,0)
(0.136539,0)
(0.0514297,0)
(0.0699453,0)
(0.0486484,0)
(0.10557,0)
(0.155375,0)
(0.184453,0)
(0.192844,0)
(0.174984,0)
(0.196594,0)
(0.187789,0)
(0.135219,0)
(0.0908672,0)
(0.0926484,0)
(0.073625,0)
(0.0850469,0)
(0.113039,0)
(0.131203,0)
(0.148492,0)
(0.112523,0)
(0.0794297,0)
(0.125086,0)
(0.141797,0)
(0.143484,0)
(0.139375,0)
(0.146672,0)
(0.150422,0)
(0.195172,0)
(0.179086,0)
(0.176195,0)
(0.187602,0)
(0.183289,0)
(0.200117,0)
(0.178055,0)
(0.171078,0)
(0.136969,0)
(0.110727,0)
(0.0613828,0)
(0.104531,0)
(0.0945625,0)
(0.0739687,0)
(0.0787891,0)
(0.115906,0)
(0.164641,0)
(0.100672,0)
(0.106742,0)
(0.0579219,0)
(0.0537031,0)
(0.0505312,0)
(0.061375,0)
(0.0769219,0)
(0.169906,0)
(0.176141,0)
(0.128719,0)
(0.137039,0)
(0.0934609,0)
(0.0978906,0)
(0.0868828,0)
(0.124094,0)
(0.1405,0)
(0.124547,0)
(0.0874766,0)
(0.098875,0)
(0.100844,0)
(0.0873516,0)
(0.0661797,0)
(0.135563,0)
(0.193844,0)
(0.171898,0)
(0.177859,0)
(0.175,0)
(0.181984,0)
(0.186391,0)
(0.182734,0)
(0.109672,0)
(0.0935312,0)
(0.05525,0)
(0.0414531,0)
(0.0598984,0)
(0.0751719,0)
(0.0823203,0)
(0.0737969,0)
(0.136102,0)
(0.0946953,0)
(0.061375,0)
(0.0581406,0)
(0.0862109,0)
(0.138516,0)
(0.120656,0)
(0.0523828,0)
(0.0491875,0)
(0.0480156,0)
(0.0960859,0)
(0.163625,0)
(0.163898,0)
(0.0982656,0)
(0.0923125,0)
(0.067625,0)
(0.140734,0)
(0.131539,0)
(0.132375,0)
(0.131367,0)
(0.148938,0)
(0.199641,0)
(0.184539,0)
(0.18143,0)
(0.190617,0)
(0.169555,0)
(0.198961,0)
(0.116234,0)
(0.0815703,0)
(0.0901406,0)
(0.103289,0)
(0.0784375,0)
(0.141883,0)
(0.16932,0)
(0.180086,0)
(0.191688,0)
(0.140695,0)
(0.146875,0)
(0.132266,0)
(0.138352,0)
(0.138883,0)
(0.120891,0)
(0.0727656,0)
(0.103984,0)
(0.111516,0)
(0.132414,0)
(0.144477,0)
(0.0898828,0)
(0.0998203,0)
(0.105508,0)
(0.0957344,0)
(0.109992,0)
(0.09625,0)
(0.10325,0)
(0.0831484,0)
(0.0483281,0)
(0.0703516,0)
(0.0750859,0)
(0.0650781,0)
(0.0668047,0)
(0.0617891,0)
(0.106609,0)
(0.165375,0)
(0.187109,0)
(0.161922,0)
(0.127531,0)
(0.0806719,0)
(0.143266,0)
(0.0742656,0)
(0.162883,0)
(0.0770156,0)
(0.0974141,0)
(0.0819375,0)
(0.0864766,0)
(0.0903047,0)
(0.059,0)
(0.0415312,0)
(0.107586,0)
(0.123188,0)
(0.102211,0)
(0.101766,0)
(0.106047,0)
(0.103969,0)
(0.0797109,0)
(0.103719,0)
(0.10643,0)
(0.111648,0)
(0.107695,0)
(0.104727,0)
(0.0929375,0)
(0.107117,0)
(0.139109,0)
(0.107359,0)
(0.0893437,0)
(0.0560234,0)
(0.0681016,0)
(0.0646328,0)
(0.0801641,0)
(0.103156,0)
(0.0842969,0)
(0.0774766,0)
(0.177477,0)
(0.178547,0)
(0.172992,0)
(0.188492,0)
(0.175867,0)
(0.108641,0)
(0.0476641,0)
(0.0705156,0)
(0.070125,0)
(0.0847266,0)
(0.086125,0)
(0.136922,0)
(0.103633,0)
(0.0519453,0)
(0.069,0)
(0.0692109,0)
(0.0443906,0)
(0.0451641,0)
(0.0656719,0)
(0.0628281,0)
(0.0424844,0)
(0.0448203,0)
(0.0531797,0)
(0.0658359,0)
(0.124695,0)
(0.0532422,0)
(0.0488906,0)
(0.0907812,0)
(0.0964766,0)
(0.0676094,0)
(0.0819609,0)
(0.0466875,0)
(0.121758,0)
(0.150344,0)
(0.123656,0)
(0.134844,0)
(0.141313,0)
(0.130172,0)
(0.137172,0)
(0.115617,0)
(0.105633,0)
(0.189102,0)
(0.198297,0)
(0.181672,0)
(0.186227,0)
(0.187312,0)
(0.188266,0)
(0.185094,0)
(0.196914,0)
(0.140937,0)
(0.0630156,0)
(0.0542266,0)
(0.1445,0)
(0.155383,0)
(0.172523,0)
(0.192992,0)
(0.197563,0)
(0.204156,0)
(0.18457,0)
(0.192711,0)
(0.151055,0)
(0.162625,0)
(0.177313,0)
(0.169055,0)
(0.191344,0)
(0.186055,0)
(0.184359,0)
(0.128523,0)
(0.0532578,0)
(0.065,0)
(0.097,0)
(0.0968828,0)
(0.169102,0)
(0.0889375,0)
(0.0509063,0)
(0.0834844,0)
(0.116898,0)
(0.108766,0)
(0.100211,0)
(0.108883,0)
(0.172695,0)
(0.19018,0)
(0.181047,0)
(0.146766,0)
(0.130664,0)
(0.128711,0)
(0.111539,0)
(0.0820703,0)
(0.104281,0)
(0.102852,0)
(0.0557266,0)
(0.177461,0)
(0.151367,0)
(0.0992344,0)
(0.0744609,0)
(0.14407,0)
(0.105703,0)
(0.113102,0)
(0.120578,0)
(0.100383,0)
(0.0656484,0)
(0.0843984,0)
(0.0994766,0)
(0.0672969,0)
(0.0910312,0)
(0.115789,0)
(0.121359,0)
(0.154273,0)
(0.102008,0)
(0.130578,0)
(0.141797,0)
(0.143547,0)
(0.146313,0)
(0.148758,0)
(0.0748438,0)
(0.0898906,0)
(0.0618203,0)
(0.0390703,0)
(0.0664141,0)
(0.0509531,0)
(0.0611641,0)
(0.0511953,0)
(0.0428984,0)
(0.0785391,0)
(0.101883,0)
(0.0980859,0)
(0.0850156,0)
(0.0538438,0)
